run=1 code=200 connect=0.000999 start=9.939936 total=9.940039
run=2 code=000 connect=0.001229 start=0.000000 total=60.002076
run=3 code=000 connect=0.001154 start=0.000000 total=60.002760
