run=1 code=000 connect=0.000865 start=0.000000 total=60.002929
run=2 code=000 connect=0.001111 start=0.000000 total=60.002865
run=3 code=000 connect=0.001000 start=0.000000 total=60.003094
